1.0 1.0 0.0
0.0 1.0 1.0
1.0 0.0 1.0
1.969421225673489 1.9621009310116826 1.9575349030315752 3.1431687031496724 4.213642981561168 4.394223715410188
1.1299370864111875 1.9534306749827204 1.1616231092937626 2.0878848612495333 5.803284420166802 0.46541023824252115
1.863497602388071 1.1386820152727744 1.0783700962537623 4.842839082238085 3.242987930150519 3.031296244254289
1.0277172069396352 0.9926611418080682 1.9581167222062499 1.7634986732360722 4.629629574692388 6.23904570177512
1.461518921330141 1.6541391878827372 1.6119691840713295 0.4827397360957124 1.2960563682824773 0.7855591410740158
0.6614105684393469 1.09538913794237 1.421844682547553 0.6185583886894178 0.8224646933106152 5.765758236856942
0.8679634623348486 0.9956445621598247 0.8830856229966234 1.868384040422622 4.135459510323706 4.330540929972912
0.4182673589494345 0.595031012505457 0.3071565208572635 6.267131496385455 2.078979027876539 5.935512497673084
